0.000000
28900.000000
20834.666667
10928433.687500
8751046.160000
7508789.138889
10218947.836735
9236780.250000
8224028.888889
7877174.160000
7451676.925620
6832259.972222
6747593.822485
7394673.265306
7111178.648889
7459568.871094
8341140.678201
9062722.645062
8934642.786704
8808283.060000
8710164.331066
8457960.084711
8091727.606805
8272947.659722
9199331.680000
8850689.693787
8764133.582990
8518101.275510
8536064.302021
8297373.165556
8040993.003122
7789723.655273
7808012.591368
7792545.011246
7575991.368163
7518513.583333
8140019.937180
7961899.770083
7984339.614727
8435582.594375
8516713.518144
8477956.181406
8323817.294754
8399345.266529
8234171.404444
8252239.345936
8250096.757809
8101073.280816
8317069.296960
8283502.777600